난	6.542840619051457e-69	8.854771883513433e-70	3.257488532207521e-70	1.0	3.257488532207521e-70
느	0.49839778846450256	0.06745080586634483	0.18335029990140392	0.18335029990140392	0.06745080586634483
우	0.999999887464838	1.12535162055095e-07	7.781131365482819e-20	1.758792004498346e-25	6.470234197516525e-26
종	0.9999999847182874	1.5229979511972456e-08	1.3887943652732454e-11	3.775134486588577e-11	9.35762282583967e-14
安	0.40460967519168967	0.14884758120207758	0.14884758120207758	0.14884758120207758	0.14884758120207758
알	0.9810478038888919	0.01796851730861465	0.0008945997997131443	4.45395013901957e-05	4.45395013901957e-05
점	0.005991268811484648	0.889183131345176	0.044269821351833626	0.01628595713967214	0.044269821351833626
팬	0.14884758120207758	0.40460967519168967	0.14884758120207758	0.14884758120207758	0.14884758120207758
文	0.6487856442839393	0.08780358892901517	0.08780358892901517	0.08780358892901517	0.08780358892901517
아	0.9990436336169068	0.0009110098722973108	4.535651079586522e-05	2.6760752034652938e-33	3.6216739562345146e-34
j	0.40460967519168967	0.14884758120207758	0.14884758120207758	0.14884758120207758	0.14884758120207758
렛	0.07629314247787525	0.5637343097327291	0.20738626283364517	0.07629314247787525	0.07629314247787525
염	0.8339252302011539	0.04151869244971153	0.04151869244971153	0.04151869244971153	0.04151869244971153
라	1.0	2.8625185805493937e-20	5.242885663363464e-22	1.6458114310822737e-38	2.2273635617957434e-39
相	0.40460967519168967	0.14884758120207758	0.14884758120207758	0.14884758120207758	0.14884758120207758
野	0.08780358892901517	0.6487856442839393	0.08780358892901517	0.08780358892901517	0.08780358892901517
싯	0.40460967519168967	0.14884758120207758	0.14884758120207758	0.14884758120207758	0.14884758120207758
갈	0.4052761150011883	0.14909275070677036	0.4052761150011883	0.020177509645426455	0.020177509645426455
들	0.8568049214406616	0.11595593672169562	0.015692929539197414	0.005773106149222764	0.005773106149222764
겟	0.14884758120207758	0.40460967519168967	0.14884758120207758	0.14884758120207758	0.14884758120207758
꽃	0.32220249132240225	0.32220249132240225	0.11853167245173185	0.11853167245173185	0.11853167245173185
를	0.818495624609583	0.11077133718446613	0.04075049762123481	0.014991270292358052	0.014991270292358052
엽	0.5637343097327291	0.07629314247787525	0.07629314247787525	0.20738626283364517	0.07629314247787525
여	1.7133336721258834e-15	0.999664649869531	6.303002338418851e-16	0.00033535013046647724	8.530186067109474e-17
젠	0.14884758120207758	0.40460967519168967	0.14884758120207758	0.14884758120207758	0.14884758120207758
습	0.08780358892901517	0.6487856442839393	0.08780358892901517	0.08780358892901517	0.08780358892901517
法	0.14884758120207758	0.40460967519168967	0.14884758120207758	0.14884758120207758	0.14884758120207758
老	0.6487856442839393	0.08780358892901517	0.08780358892901517	0.08780358892901517	0.08780358892901517
혜	0.9998476232926159	0.0001233909993070739	1.6699155840071527e-05	6.143276118480341e-06	6.143276118480341e-06
모	0.9999832965156842	1.6701421813648465e-05	2.061119193991353e-09	6.914284612366464e-13	6.914284612366464e-13
족	0.017065385160357126	0.9317384593585715	0.017065385160357126	0.017065385160357126	0.017065385160357126
宏	0.40460967519168967	0.14884758120207758	0.14884758120207758	0.14884758120207758	0.14884758120207758
쯤	0.08780358892901517	0.08780358892901517	0.08780358892901517	0.6487856442839393	0.08780358892901517
넬	0.9901823335417472	0.0024544166145631804	0.0024544166145631804	0.0024544166145631804	0.0024544166145631804
배	0.9932862102830458	0.006692709839809625	1.6589569083224463e-05	2.2451540306515356e-06	2.2451540306515356e-06
烈	0.40460967519168967	0.14884758120207758	0.14884758120207758	0.14884758120207758	0.14884758120207758
升	0.40460967519168967	0.14884758120207758	0.14884758120207758	0.14884758120207758	0.14884758120207758
무	1.0261879630646171e-10	0.9999999998971222	2.5436656471152365e-13	4.658886144624102e-15	3.139132791725083e-17
개	6.914086207870129e-13	4.539786870215952e-05	5.1088570862795076e-12	0.9999546021252432	2.5435501703624403e-13
산	1.0612026727651524e-30	0.9820137900379085	0.01798620996209156	1.943660494212608e-32	2.630458435000779e-33
녘	0.14884758120207758	0.14884758120207758	0.40460967519168967	0.14884758120207758	0.14884758120207758
찰	1.670111400766364e-05	0.9999648668965282	6.143996488079847e-06	6.143996488079847e-06	6.143996488079847e-06
창	0.9999810271241868	1.6701383910950696e-05	2.260286522031919e-06	5.602690136376252e-09	5.602690136376252e-09
텔	4.539785983509464e-05	0.9999544068151418	1.1253004388223508e-07	4.1397489658394525e-08	4.1397489658394525e-08
·	0.0009085679386834504	0.0009085679386834504	0.0009085679386834504	0.9963657282452661	0.0009085679386834504
천	5.749522264293021e-19	9.357622968839299e-14	0.9999999999999064	1.5628821893348422e-18	9.602680054507776e-24
촬	0.11853167245173185	0.32220249132240225	0.32220249132240225	0.11853167245173185	0.11853167245173185
正	0.5637343097327291	0.20738626283364517	0.07629314247787525	0.07629314247787525	0.07629314247787525
근	0.9999999988872944	7.58256041947475e-10	3.7751345400784846e-11	2.7894680897650685e-10	3.7751345400784846e-11
낫	0.40460967519168967	0.14884758120207758	0.14884758120207758	0.14884758120207758	0.14884758120207758
애	0.664434835220405	0.24443191587572197	0.0899214766168256	0.0006058861435236741	0.0006058861435236741
4	1.733141042341547e-58	4.711165801553596e-58	6.375869581278994e-59	1.0	2.7487850079102147e-43
古	0.40460967519168967	0.14884758120207758	0.14884758120207758	0.14884758120207758	0.14884758120207758
컵	0.14884758120207758	0.40460967519168967	0.14884758120207758	0.14884758120207758	0.14884758120207758
켄	0.8339252302011539	0.04151869244971153	0.04151869244971153	0.04151869244971153	0.04151869244971153
江	0.20738626283364517	0.07629314247787525	0.5637343097327291	0.07629314247787525	0.07629314247787525
한	1.0112214926104486e-43	1.0	8.408597124803643e-50	3.093350011308561e-50	6.991989996645917e-56
골	0.0008946501762738064	0.9811030484957215	0.017969529148883893	1.638608956037342e-05	1.638608956037342e-05
축	1.522997841834422e-08	0.9999999129106911	4.139937358240852e-08	1.522997841834422e-08	1.522997841834422e-08
획	0.0009085679386834504	0.9963657282452661	0.0009085679386834504	0.0009085679386834504	0.0009085679386834504
斗	0.40460967519168967	0.14884758120207758	0.14884758120207758	0.14884758120207758	0.14884758120207758
럼	0.04151869244971153	0.8339252302011539	0.04151869244971153	0.04151869244971153	0.04151869244971153
두	0.9996130304981716	0.0003353328140965104	6.141834730534715e-06	4.538236137428162e-05	1.1249162703875984e-07
넘	0.40460967519168967	0.14884758120207758	0.14884758120207758	0.14884758120207758	0.14884758120207758
第	0.14884758120207758	0.40460967519168967	0.14884758120207758	0.14884758120207758	0.14884758120207758
페	0.996619171575139	0.002470371940849299	0.0009087990490852513	8.287174631739343e-07	8.287174631739343e-07
鉉	0.40460967519168967	0.14884758120207758	0.14884758120207758	0.14884758120207758	0.14884758120207758
닉	0.0003350130904157414	0.998659947638337	0.0003350130904157414	0.0003350130904157414	0.0003350130904157414
몰	0.5637343097327291	0.20738626283364517	0.07629314247787525	0.07629314247787525	0.07629314247787525
S	4.780892883885469e-25	1.0	6.470234925645461e-26	2.3802664086944007e-26	8.75651076269652e-27
玖	0.40460967519168967	0.14884758120207758	0.14884758120207758	0.14884758120207758	0.14884758120207758
부	1.2479464629120883e-47	0.9999999999993087	4.590938473879772e-48	6.914400106935422e-13	1.6889118802233647e-48
쪽	0.32220249132240225	0.11853167245173185	0.32220249132240225	0.11853167245173185	0.11853167245173185
급	0.14884758120207758	0.40460967519168967	0.14884758120207758	0.14884758120207758	0.14884758120207758
판	0.034234438642530465	0.6876170813991483	0.2529601876450569	0.012594146156632138	0.012594146156632138
뿌	0.40460967519168967	0.14884758120207758	0.14884758120207758	0.14884758120207758	0.14884758120207758
베	0.9999937431512503	6.144173909920829e-06	1.1253447060369187e-07	1.0261815424673147e-10	3.775110923833245e-11
진	0.9999999999999065	9.357622968839299e-14	1.9287498479637375e-22	6.470234925644855e-26	6.470234925644855e-26
子	0.7297966543188357	0.03633443592321024	0.09876723691737194	0.09876723691737194	0.03633443592321024
츄	0.40460967519168967	0.14884758120207758	0.14884758120207758	0.14884758120207758	0.14884758120207758
곡	0.006643776755156083	0.0024441088799546386	0.98602389660498	0.0024441088799546386	0.0024441088799546386
형	0.9999999582927682	4.139937546119824e-08	1.0261879203707297e-10	1.0261879203707297e-10	1.0261879203707297e-10
높	0.14884758120207758	0.40460967519168967	0.14884758120207758	0.14884758120207758	0.14884758120207758
漢	0.32220249132240225	0.32220249132240225	0.11853167245173185	0.11853167245173185	0.11853167245173185
학	1.2160992992528256e-37	1.0	2.2273635617957434e-39	6.054601895401186e-39	4.07955866717756e-41
런	0.9875496326135988	0.006654057083516755	0.002447890801407021	0.002447890801407021	0.000900528700070329
沈	0.40460967519168967	0.14884758120207758	0.14884758120207758	0.14884758120207758	0.14884758120207758
탱	0.40460967519168967	0.14884758120207758	0.14884758120207758	0.14884758120207758	0.14884758120207758
윔	0.14884758120207758	0.14884758120207758	0.40460967519168967	0.14884758120207758	0.14884758120207758
성	6.144174602214717e-06	0.9999938558253977	2.8625009927354327e-20	3.975425310051347e-31	1.4624772414804972e-31
츠	0.00012339381653944217	0.9998704515629392	6.143416380220866e-06	5.602070604015616e-09	5.602070604015616e-09
촌	0.0063476758909426275	0.046903333256004674	0.9420786319340579	0.002335179459497411	0.002335179459497411
혼	0.20738626283364517	0.5637343097327291	0.07629314247787525	0.07629314247787525	0.07629314247787525
랜	0.024280950169516917	0.48769592115991195	0.48769592115991195	0.0001636037553296403	0.0001636037553296403
地	0.14884758120207758	0.40460967519168967	0.14884758120207758	0.14884758120207758	0.14884758120207758
텐	0.11370016559742104	0.8401369020570487	0.015387644115176742	0.015387644115176742	0.015387644115176742
잠	0.016579230056156354	0.016579230056156354	0.9051952900400391	0.04506701979149185	0.016579230056156354
랭	0.6487856442839393	0.08780358892901517	0.08780358892901517	0.08780358892901517	0.08780358892901517
강	0.46831053083124025	0.46831053083124025	0.06337893833273434	2.3926401947964005e-12	2.3926401947964005e-12
액	0.14884758120207758	0.40460967519168967	0.14884758120207758	0.14884758120207758	0.14884758120207758
웽	0.40460967519168967	0.14884758120207758	0.14884758120207758	0.14884758120207758	0.14884758120207758
먼	0.9448680997801521	0.04704221268236813	0.0063664711774452645	0.0008616081800172859	0.0008616081800172859
황	0.9999938032210769	4.139912064506368e-08	6.1441742790025995e-06	5.602761718246393e-09	5.602761718246393e-09
善	0.14884758120207758	0.14884758120207758	0.40460967519168967	0.14884758120207758	0.14884758120207758
九	0.40460967519168967	0.14884758120207758	0.14884758120207758	0.14884758120207758	0.14884758120207758
킬	0.5637343097327291	0.20738626283364517	0.07629314247787525	0.07629314247787525	0.07629314247787525
渾	0.40460967519168967	0.14884758120207758	0.14884758120207758	0.14884758120207758	0.14884758120207758
쇼	0.415626587159212	0.415626587159212	0.05624894189385865	0.05624894189385865	0.05624894189385865
변	0.034234438642530465	0.6876170813991483	0.2529601876450569	0.012594146156632138	0.012594146156632138
佛	0.04151869244971153	0.8339252302011539	0.04151869244971153	0.04151869244971153	0.04151869244971153
繩	0.14884758120207758	0.14884758120207758	0.40460967519168967	0.14884758120207758	0.14884758120207758
延	0.14884758120207758	0.40460967519168967	0.14884758120207758	0.14884758120207758	0.14884758120207758
金	0.9737555469386476	0.006561113265338089	0.006561113265338089	0.006561113265338089	0.006561113265338089
담	0.00012337777403293143	0.9997404577862744	4.538814656421131e-05	4.538814656421131e-05	4.538814656421131e-05
펑	0.14884758120207758	0.40460967519168967	0.14884758120207758	0.14884758120207758	0.14884758120207758
成	0.40460967519168967	0.14884758120207758	0.14884758120207758	0.14884758120207758	0.14884758120207758
콥	0.40460967519168967	0.14884758120207758	0.14884758120207758	0.14884758120207758	0.14884758120207758
맨	0.04473030591000158	0.8984322109408162	0.04473030591000158	0.006053588619590394	0.006053588619590394
야	0.9999937427337319	6.144173907355507e-06	1.1253447055670636e-07	2.789450638424321e-10	2.789450638424321e-10
7	7.175095973164411e-66	1.4411565509640892e-64	7.175095973164411e-66	1.0	2.572209372642415e-56
默	0.40460967519168967	0.14884758120207758	0.14884758120207758	0.14884758120207758	0.14884758120207758
살	0.4792902640295052	0.023862457143288537	0.4792902640295052	0.008778507398850478	0.008778507398850478
凡	0.40460967519168967	0.14884758120207758	0.14884758120207758	0.14884758120207758	0.14884758120207758
鳴	0.14884758120207758	0.14884758120207758	0.40460967519168967	0.14884758120207758	0.14884758120207758
찌	0.32220249132240225	0.32220249132240225	0.11853167245173185	0.11853167245173185	0.11853167245173185
규	0.9999999846721002	5.602796351658165e-09	2.0611535908454015e-09	5.602796351658165e-09	2.0611535908454015e-09
피	0.017986204486219303	0.9820134910654136	3.00400205681009e-07	2.024080664393012e-09	2.024080664393012e-09
멸	0.14884758120207758	0.40460967519168967	0.14884758120207758	0.14884758120207758	0.14884758120207758
奇	0.6487856442839393	0.08780358892901517	0.08780358892901517	0.08780358892901517	0.08780358892901517
봉	0.006692848688130104	3.038548603520456e-07	0.9933068172009242	1.5128042706255044e-08	1.5128042706255044e-08
취	0.14884758120207758	0.14884758120207758	0.40460967519168967	0.14884758120207758	0.14884758120207758
協	0.14884758120207758	0.40460967519168967	0.14884758120207758	0.14884758120207758	0.14884758120207758
낙	0.4983977884645025	0.1833502999014039	0.1833502999014039	0.06745080586634482	0.06745080586634482
姬	0.40460967519168967	0.14884758120207758	0.14884758120207758	0.14884758120207758	0.14884758120207758
퓨	0.08780358892901517	0.6487856442839393	0.08780358892901517	0.08780358892901517	0.08780358892901517
일	2.2444145171954394e-158	5.4213726622294345e-151	1.3790159402541388e-163	1.0	2.303191161910391e-168
주	2.319522825462675e-16	0.9999999979388459	2.319522825462675e-16	2.0611536181902025e-09	9.854154665800326e-34
(	0.0002951458963476396	0.8798175170600863	0.0008022897267860455	0.1190703528678601	1.4694448919954418e-05
처	0.49814782250101103	0.49814782250101103	0.001234784999325988	0.001234784999325988	0.001234784999325988
봄	0.00241652215095784	0.01785581773773604	0.00241652215095784	0.9748946158093904	0.00241652215095784
때	0.0064879689306702746	0.0064879689306702746	0.0064879689306702746	0.9628999651601412	0.01763612804784787
람	0.6876170813991483	0.2529601876450569	0.034234438642530465	0.012594146156632138	0.012594146156632138
건	4.5397854030811246e-05	0.999954278967292	1.522928341431058e-08	3.0588833433182467e-07	2.06105938436637e-09
훼	0.40460967519168967	0.14884758120207758	0.14884758120207758	0.14884758120207758	0.14884758120207758
구	6.305111517265682e-16	0.9999991684719717	8.315280276641317e-07	3.2213376073577792e-27	5.900085635506407e-29
심	0.9990860819107164	0.0009110485801309044	3.056227508375653e-07	3.056227508375653e-07	2.2582636510482745e-06
병	0.9933071487719658	0.006692850922238208	1.0193198398006915e-10	1.0193198398006915e-10	1.0193198398006915e-10
평	3.0040018247169067e-07	0.9820134151937487	0.01798620309658129	4.065474377913639e-08	4.065474377913639e-08
완	0.9819002417032463	0.006615991786985683	0.006615991786985683	0.0024338873613911453	0.0024338873613911453
퀸	0.40460967519168967	0.14884758120207758	0.14884758120207758	0.14884758120207758	0.14884758120207758
째	1.0261879627489642e-10	1.0261879627489642e-10	1.0261879627489642e-10	0.9999999995895248	1.0261879627489642e-10
푸	0.00091052149692899	0.9985080649942464	0.00033496213946482197	0.00012322568467990945	0.00012322568467990945
숀	0.40460967519168967	0.14884758120207758	0.14884758120207758	0.14884758120207758	0.14884758120207758
齊	0.40460967519168967	0.14884758120207758	0.14884758120207758	0.14884758120207758	0.14884758120207758
입	0.05624894189385865	0.415626587159212	0.05624894189385865	0.415626587159212	0.05624894189385865
山	0.006674713480871919	0.0009033242394570381	0.9906153138007568	0.0009033242394570381	0.0009033242394570381
톤	0.7297966543188357	0.09876723691737194	0.09876723691737194	0.03633443592321024	0.03633443592321024
는	8.533047625744062e-17	2.319522830243568e-16	8.533047625744062e-17	0.9999999999999997	8.533047625744062e-17
프	0.9999938558251433	6.1441746022131545e-06	2.5436500186504085e-13	5.749486938223426e-19	2.1151180418561409e-19
활	0.04506701979149185	0.9051952900400391	0.016579230056156354	0.016579230056156354	0.016579230056156354
핀	0.08780358892901517	0.08780358892901517	0.6487856442839393	0.08780358892901517	0.08780358892901517
앗	0.40460967519168967	0.14884758120207758	0.14884758120207758	0.14884758120207758	0.14884758120207758
핸	0.32220249132240225	0.32220249132240225	0.11853167245173185	0.11853167245173185	0.11853167245173185
독	0.017656994109504144	0.9640392135250514	0.017656994109504144	0.0003233991279701845	0.0003233991279701845
별	0.08443737445244949	0.623912496675563	0.2295245806168855	0.03106277412755094	0.03106277412755094
념	0.14884758120207758	0.40460967519168967	0.14884758120207758	0.14884758120207758	0.14884758120207758
國	0.017065385160357126	0.017065385160357126	0.9317384593585715	0.017065385160357126	0.017065385160357126
함	0.2854521000476133	0.2854521000476133	0.2854521000476133	0.10501195904673061	0.038631740810429645
빛	0.40460967519168967	0.14884758120207758	0.14884758120207758	0.14884758120207758	0.14884758120207758
헝	0.11853167245173185	0.32220249132240225	0.32220249132240225	0.11853167245173185	0.11853167245173185
옐	0.9317384593585715	0.017065385160357126	0.017065385160357126	0.017065385160357126	0.017065385160357126
터	1.3336148155022612e-34	1.185064864233981e-27	6.054601895401186e-39	1.0	4.90609473064928e-35
회	4.125337404615184e-84	1.0	2.0538845540408258e-85	1.0225689071173033e-86	3.761820781096061e-87
句	0.40460967519168967	0.14884758120207758	0.14884758120207758	0.14884758120207758	0.14884758120207758
鷹	0.14884758120207758	0.14884758120207758	0.40460967519168967	0.14884758120207758	0.14884758120207758
덕	0.9950338777033689	0.0024664423902139927	0.0024664423902139927	1.661875810155956e-05	1.661875810155956e-05
린	0.9816785504165237	0.01798006983424508	0.0003293164662782555	6.031641476466536e-06	6.031641476466536e-06
궈	0.32220249132240225	0.32220249132240225	0.11853167245173185	0.11853167245173185	0.11853167245173185
톰	0.9051952900400391	0.04506701979149185	0.016579230056156354	0.016579230056156354	0.016579230056156354
三	0.14884758120207758	0.40460967519168967	0.14884758120207758	0.14884758120207758	0.14884758120207758
錫	0.40460967519168967	0.14884758120207758	0.14884758120207758	0.14884758120207758	0.14884758120207758
珥	0.40460967519168967	0.14884758120207758	0.14884758120207758	0.14884758120207758	0.14884758120207758
렐	0.8801225440634315	0.04381872127338441	0.04381872127338441	0.01612000669489985	0.01612000669489985
엠	0.006686167082119229	0.9923151789449715	0.0003328846576364314	0.0003328846576364314	0.0003328846576364314
륙	0.08780358892901517	0.08780358892901517	0.6487856442839393	0.08780358892901517	0.08780358892901517
콤	0.08780358892901517	0.6487856442839393	0.08780358892901517	0.08780358892901517	0.08780358892901517
괌	0.14884758120207758	0.14884758120207758	0.40460967519168967	0.14884758120207758	0.14884758120207758
톨	0.11370016559742104	0.8401369020570487	0.015387644115176742	0.015387644115176742	0.015387644115176742
홈	0.32220249132240225	0.32220249132240225	0.11853167245173185	0.11853167245173185	0.11853167245173185
本	0.11853167245173185	0.32220249132240225	0.32220249132240225	0.11853167245173185	0.11853167245173185
림	1.522997948094599e-08	0.9999999826810909	2.0611535867416253e-09	1.3887943624439982e-11	1.3887943624439982e-11
볼	0.11842724335281592	0.8750655447756688	0.002169070623838422	0.002169070623838422	0.002169070623838422
差	0.40460967519168967	0.14884758120207758	0.14884758120207758	0.14884758120207758	0.14884758120207758
上	0.14884758120207758	0.14884758120207758	0.40460967519168967	0.14884758120207758	0.14884758120207758
공	3.975449735908647e-31	1.0	7.095474162284705e-23	1.0806392777072785e-30	7.281290178321645e-33
共	0.14884758120207758	0.14884758120207758	0.40460967519168967	0.14884758120207758	0.14884758120207758
6	5.96629836401057e-72	8.854771883513433e-70	2.1948785080142992e-72	1.0	5.3017186660923245e-65
갤	0.32220249132240225	0.32220249132240225	0.11853167245173185	0.11853167245173185	0.11853167245173185
UNK	0.0	0.0	0.0	0.0	0.0
젤	0.08443737445244949	0.623912496675563	0.2295245806168855	0.03106277412755094	0.03106277412755094
윌	0.9992948056099052	0.0003352260615392285	0.00012332277618515492	0.00012332277618515492	0.00012332277618515492
깜	0.6487856442839393	0.08780358892901517	0.08780358892901517	0.08780358892901517	0.08780358892901517
렉	0.9317384593585715	0.017065385160357126	0.017065385160357126	0.017065385160357126	0.017065385160357126
W	1.670058507754571e-05	0.9999331976596898	1.670058507754571e-05	1.670058507754571e-05	1.670058507754571e-05
벨	0.9319141546583697	0.017068603132022676	0.04639727373095639	0.0023099842393256233	0.0023099842393256233
北	0.017065385160357126	0.017065385160357126	0.9317384593585715	0.017065385160357126	0.017065385160357126
金	0.32220249132240225	0.11853167245173185	0.32220249132240225	0.11853167245173185	0.11853167245173185
콜	0.9959548701371846	0.0024687253022140066	0.0009081932845842888	0.0003341056380085249	0.0003341056380085249
鴻	0.40460967519168967	0.14884758120207758	0.14884758120207758	0.14884758120207758	0.14884758120207758
관	5.74952226429356e-19	1.0	1.9287498479639178e-22	4.780892883885469e-25	4.780892883885469e-25
깃	0.14884758120207758	0.40460967519168967	0.14884758120207758	0.14884758120207758	0.14884758120207758
宙	0.14884758120207758	0.14884758120207758	0.14884758120207758	0.40460967519168967	0.14884758120207758
雪	0.14884758120207758	0.14884758120207758	0.40460967519168967	0.14884758120207758	0.14884758120207758
털	0.14884758120207758	0.40460967519168967	0.14884758120207758	0.14884758120207758	0.14884758120207758
州	0.04151869244971153	0.04151869244971153	0.8339252302011539	0.04151869244971153	0.04151869244971153
-	7.582554112820621e-10	8.315280265697177e-07	2.7894657696766715e-10	0.9999991671558248	2.7894657696766715e-10
都	0.14884758120207758	0.14884758120207758	0.40460967519168967	0.14884758120207758	0.14884758120207758
달	4.248354255291589e-18	1.5628821893349888e-18	3.1391327920480296e-17	1.0	5.74952226429356e-19
번	0.01553878751139008	0.01553878751139008	0.11481697263102429	0.8483890518800236	0.00571640046617197
표	6.144174564222688e-06	0.9999938496420129	2.0611409456059133e-09	2.0611409456059133e-09	2.0611409456059133e-09
협	2.6102790696677047e-23	1.0	7.095474162284704e-23	2.6102790696677047e-23	2.6102790696677047e-23
캉	0.6487856442839393	0.08780358892901517	0.08780358892901517	0.08780358892901517	0.08780358892901517
후	8.242166967772464e-14	7.515883415000861e-17	3.7419380142754265e-18	0.8807970779778098	0.11920292202210775
도	4.658882271108969e-15	8.315280276641283e-07	0.9999991684719677	7.095468262199036e-23	4.780888908439017e-25
참	0.10534416842024878	0.778393970152417	0.038753953809111424	0.038753953809111424	0.038753953809111424
탈	0.00012336815259666892	0.9996624944807353	0.00012336815259666892	4.538460703561578e-05	4.538460703561578e-05
컨	0.046529930892680135	0.9345786449782973	0.00629714137634088	0.00629714137634088	0.00629714137634088
칼	0.9458739477740985	0.047092290905210415	0.002344587106897048	0.002344587106897048	0.002344587106897048
블	0.006674780092303384	0.9906251998137331	0.002455514370298837	0.00012225286183234057	0.00012225286183234057
재	0.9999999999999997	2.319522830243569e-16	2.6102790696677042e-23	1.2995814250075028e-24	6.470234925645459e-26
상	0.01798620969308703	0.9820137753507587	9.189314659939715e-14	1.4956049907620834e-08	1.2436385022532986e-14
돌	0.98602389660498	0.006643776755156083	0.0024441088799546386	0.0024441088799546386	0.0024441088799546386
령	0.10444760405986658	0.771769205797251	0.10444760405986658	0.014135446078827621	0.005200140004188161
쓰	0.20738626283364517	0.5637343097327291	0.07629314247787525	0.07629314247787525	0.07629314247787525
률	0.40460967519168967	0.14884758120207758	0.14884758120207758	0.14884758120207758	0.14884758120207758
추	0.13357642951757423	0.3630983810680624	0.3630983810680624	0.13357642951757423	0.006650378828726627
납	0.14884758120207758	0.14884758120207758	0.40460967519168967	0.14884758120207758	0.14884758120207758
료	0.0024544166145631804	0.9901823335417472	0.0024544166145631804	0.0024544166145631804	0.0024544166145631804
p	0.09296327901863667	0.6869108838092491	0.09296327901863667	0.09296327901863667	0.03419927913484093
앵	0.40460967519168967	0.14884758120207758	0.14884758120207758	0.14884758120207758	0.14884758120207758
울	1.0530617357553806e-20	0.9999999999999994	2.319522830243568e-16	2.319522830243568e-16	3.873997628687185e-21
훌	0.40460967519168967	0.14884758120207758	0.14884758120207758	0.14884758120207758	0.14884758120207758
낸	0.32220249132240225	0.32220249132240225	0.11853167245173185	0.11853167245173185	0.11853167245173185
濟	0.08780358892901517	0.08780358892901517	0.6487856442839393	0.08780358892901517	0.08780358892901517
垠	0.40460967519168967	0.14884758120207758	0.14884758120207758	0.14884758120207758	0.14884758120207758
3	1.4788975056432135e-74	1.0927656633766313e-73	8.074506789675094e-73	1.0	5.166420632837861e-55
t	0.01791053561805452	0.9778821108485143	0.002423927410788848	0.0008917130613211426	0.0008917130613211426
시	4.780892811072568e-25	1.522997951276035e-08	2.862518536953295e-20	1.7587921756379426e-25	0.9999999847700206
챔	0.14884758120207758	0.40460967519168967	0.14884758120207758	0.14884758120207758	0.14884758120207758
락	0.3226249658455131	0.3226249658455131	0.3226249658455131	0.01606255123173033	0.01606255123173033
羅	0.40460967519168967	0.14884758120207758	0.14884758120207758	0.14884758120207758	0.14884758120207758
皇	0.40460967519168967	0.14884758120207758	0.14884758120207758	0.14884758120207758	0.14884758120207758
로	0.9999999586005309	4.139937547393943e-08	9.357622581439551e-14	6.470234657781169e-26	2.380266310152635e-26
슨	0.9999991516636113	8.315280136874972e-07	5.6027916844811714e-09	5.6027916844811714e-09	5.6027916844811714e-09
다	0.9997529355315545	0.0001233793139090319	3.058267429076148e-07	0.0001233793139090319	1.3884512647495222e-11
낮	0.0024441088799546386	0.0024441088799546386	0.0024441088799546386	0.006643776755156083	0.98602389660498
震	0.40460967519168967	0.14884758120207758	0.14884758120207758	0.14884758120207758	0.14884758120207758
0	4.0508346562605855e-193	1.6342233380137664e-190	4.0508346562605855e-193	1.0	9.92959039626498e-153
禪	0.40460967519168967	0.14884758120207758	0.14884758120207758	0.14884758120207758	0.14884758120207758
하	0.9998766053484954	0.00012339457597691203	3.774668712867624e-11	3.774668712867624e-11	3.4420523252068645e-14
장	0.9999977244457915	2.2603242634789597e-06	1.5229945088068124e-08	3.1391256487811936e-17	3.1391256487811936e-17
짐	0.5637343097327291	0.07629314247787525	0.20738626283364517	0.07629314247787525	0.07629314247787525
대	2.63957029695919e-66	1.0	7.868448159078604e-63	2.8207700884601357e-53	5.440559879258653e-75
夢	0.6487856442839393	0.08780358892901517	0.08780358892901517	0.08780358892901517	0.08780358892901517
黨	0.08780358892901517	0.6487856442839393	0.08780358892901517	0.08780358892901517	0.08780358892901517
헌	0.9748946158093904	0.01785581773773604	0.00241652215095784	0.00241652215095784	0.00241652215095784
객	0.14884758120207758	0.14884758120207758	0.40460967519168967	0.14884758120207758	0.14884758120207758
위	3.975449735908647e-31	1.0	5.380186160021138e-32	9.854154686111257e-34	9.854154686111257e-34
쎄	0.20738626283364517	0.5637343097327291	0.07629314247787525	0.07629314247787525	0.07629314247787525
테	0.49977100427005183	0.49977100427005183	0.00045573216570092936	1.1296470977080522e-06	1.1296470977080522e-06
소	1.5628821893349888e-18	1.0	5.74952226429356e-19	6.47023492564546e-26	6.47023492564546e-26
雄	0.40460967519168967	0.14884758120207758	0.14884758120207758	0.14884758120207758	0.14884758120207758
럽	0.002175035066485455	0.8774717726766178	0.11875289088732272	0.00080015068478696	0.00080015068478696
橋	0.14884758120207758	0.14884758120207758	0.40460967519168967	0.14884758120207758	0.14884758120207758
굉	0.40460967519168967	0.14884758120207758	0.14884758120207758	0.14884758120207758	0.14884758120207758
날	1.388794386296023e-11	1.026187963022128e-10	1.388794386296023e-11	0.9999999998557174	1.388794386296023e-11
E	3.775134544112073e-11	0.9999999999557566	5.109089027837282e-12	6.914400106634287e-13	6.914400106634287e-13
침	0.060555153612573534	0.0222769960710444	0.0222769960710444	0.4474454271226689	0.4474454271226689
콧	0.6487856442839393	0.08780358892901517	0.08780358892901517	0.08780358892901517	0.08780358892901517
색	0.32220249132240225	0.32220249132240225	0.11853167245173185	0.11853167245173185	0.11853167245173185
길	0.9849308942342364	0.00663641216311214	0.00663641216311214	0.0008981407197696829	0.0008981407197696829
죽	0.5637343097327291	0.07629314247787525	0.20738626283364517	0.07629314247787525	0.07629314247787525
옥	0.5448602458544703	0.20044288276147723	0.20044288276147723	0.02712699431128767	0.02712699431128767
뒤	0.01763612804784787	0.0064879689306702746	0.0064879689306702746	0.9628999651601412	0.0064879689306702746
감	0.046903333256004674	0.9420786319340579	0.0063476758909426275	0.002335179459497411	0.002335179459497411
甲	0.14884758120207758	0.14884758120207758	0.14884758120207758	0.40460967519168967	0.14884758120207758
인	7.582560422160457e-10	0.9999999992414896	2.5436656454475265e-13	3.8739976257487195e-21	7.095474156902713e-23
식	0.9819581613621589	0.01798519108735467	4.4580831555540785e-05	6.033359465492832e-06	6.033359465492832e-06
M	4.139937543929863e-08	0.9999999577637843	2.789467975052348e-10	2.789467975052348e-10	2.789467975052348e-10
뢰	0.40460967519168967	0.14884758120207758	0.14884758120207758	0.14884758120207758	0.14884758120207758
뚜	0.08780358892901517	0.6487856442839393	0.08780358892901517	0.08780358892901517	0.08780358892901517
乘	0.14884758120207758	0.40460967519168967	0.14884758120207758	0.14884758120207758	0.14884758120207758
첫	0.0024544166145631804	0.0024544166145631804	0.0024544166145631804	0.9901823335417472	0.0024544166145631804
호	1.0	2.1151310375910807e-19	5.900090541597062e-29	7.281290178321645e-33	7.281290178321645e-33
뱅	0.40460967519168967	0.14884758120207758	0.14884758120207758	0.14884758120207758	0.14884758120207758
펄	0.40460967519168967	0.14884758120207758	0.14884758120207758	0.14884758120207758	0.14884758120207758
벽	0.0008981407197696829	0.00663641216311214	0.0008981407197696829	0.00663641216311214	0.9849308942342364
줄	0.9317384593585715	0.017065385160357126	0.017065385160357126	0.017065385160357126	0.017065385160357126
석	0.9999999999998576	3.4424771084694864e-14	1.2664165549092372e-14	9.357622968838841e-14	1.7139084315417688e-15
퇴	0.32220249132240225	0.32220249132240225	0.11853167245173185	0.11853167245173185	0.11853167245173185
맘	0.40460967519168967	0.14884758120207758	0.14884758120207758	0.14884758120207758	0.14884758120207758
富	0.14884758120207758	0.14884758120207758	0.40460967519168967	0.14884758120207758	0.14884758120207758
치	0.880795204987454	0.11920266854042742	1.990887303361048e-06	9.912044228514878e-08	3.6464372916526734e-08
앤	0.11914181746128355	0.8803455729499796	0.0002953230393641426	0.00010864327468633264	0.00010864327468633264
악	6.142103953932318e-06	0.9996568478960935	0.0003353475131959651	8.312433782741489e-07	8.312433782741489e-07
堯	0.40460967519168967	0.14884758120207758	0.14884758120207758	0.14884758120207758	0.14884758120207758
룹	6.144061351657584e-06	0.9999754237545934	6.144061351657584e-06	6.144061351657584e-06	6.144061351657584e-06
곰	0.40460967519168967	0.14884758120207758	0.14884758120207758	0.14884758120207758	0.14884758120207758
법	1.0261879627489642e-10	0.9999999995895248	1.0261879627489642e-10	1.0261879627489642e-10	1.0261879627489642e-10
잉	0.5637343097327291	0.20738626283364517	0.07629314247787525	0.07629314247787525	0.07629314247787525
던	0.7649342838441187	0.1035225979614393	0.1035225979614393	0.01401026011650137	0.01401026011650137
重	0.40460967519168967	0.14884758120207758	0.14884758120207758	0.14884758120207758	0.14884758120207758
N	1.388794386474234e-11	0.9999999999840378	6.914400106829834e-13	6.914400106829834e-13	6.914400106829834e-13
9	1.598154732301378e-104	1.598154732301378e-104	5.8792826982452694e-105	1.0	3.8603352051642567e-97
녕	0.14884758120207758	0.14884758120207758	0.40460967519168967	0.14884758120207758	0.14884758120207758
깨	0.40460967519168967	0.14884758120207758	0.14884758120207758	0.14884758120207758	0.14884758120207758
늦	0.04151869244971153	0.04151869244971153	0.04151869244971153	0.8339252302011539	0.04151869244971153
순	0.9999991455780811	5.602791650385184e-09	1.522996673188411e-08	8.31528008627204e-07	2.0611518613437244e-09
薰	0.40460967519168967	0.14884758120207758	0.14884758120207758	0.14884758120207758	0.14884758120207758
휘	0.5637343097327291	0.20738626283364517	0.07629314247787525	0.07629314247787525	0.07629314247787525
禮	0.40460967519168967	0.14884758120207758	0.14884758120207758	0.14884758120207758	0.14884758120207758
목	0.015595139835820901	0.015595139835820901	0.11523336311754877	0.851465784544014	0.0021105726667954034
韓	0.038753953809111424	0.10534416842024878	0.778393970152417	0.038753953809111424	0.038753953809111424
뮤	0.08780358892901517	0.6487856442839393	0.08780358892901517	0.08780358892901517	0.08780358892901517
캔	0.08780358892901517	0.6487856442839393	0.08780358892901517	0.08780358892901517	0.08780358892901517
峰	0.08780358892901517	0.08780358892901517	0.6487856442839393	0.08780358892901517	0.08780358892901517
/	0.006561113265338089	0.006561113265338089	0.006561113265338089	0.9737555469386476	0.006561113265338089
뎀	0.40460967519168967	0.14884758120207758	0.14884758120207758	0.14884758120207758	0.14884758120207758
각	0.2676832288953427	0.2676832288953427	0.2676832288953427	0.09847515665698596	0.09847515665698596
롯	0.002462056312281375	0.9932644075748477	0.002462056312281375	0.0009057399002946943	0.0009057399002946943
름	6.138436869395116e-06	0.0009110248077386595	1.6686001397219772e-05	0.9990600123171254	6.138436869395116e-06
워	0.047232293252030086	0.9486859700804781	0.0023515574133098206	0.0008650896270909794	0.0008650896270909794
穡	0.40460967519168967	0.14884758120207758	0.14884758120207758	0.14884758120207758	0.14884758120207758
나	0.9999999997071654	2.7894680920520714e-10	1.3887943860897149e-11	2.862518579711149e-20	1.9287498473991128e-22
켓	0.32220249132240225	0.32220249132240225	0.11853167245173185	0.11853167245173185	0.11853167245173185
派	0.14884758120207758	0.40460967519168967	0.14884758120207758	0.14884758120207758	0.14884758120207758
간	7.095474147659841e-23	2.6102790642875185e-23	2.6102790642875185e-23	0.9999999979388464	2.0611536181902033e-09
越	0.14884758120207758	0.14884758120207758	0.40460967519168967	0.14884758120207758	0.14884758120207758
묵	0.40460967519168967	0.14884758120207758	0.14884758120207758	0.14884758120207758	0.14884758120207758
과	3.442477108451276e-14	0.9999999999945676	5.10908902803557e-12	2.543665647363105e-13	3.442477108451276e-14
겨	0.00012334891422532415	0.00012334891422532415	0.00012334891422532415	0.9995066043430987	0.00012334891422532415
래	0.268899311788266	0.7309441129191866	9.020566977366858e-05	3.3184811386832864e-05	3.3184811386832864e-05
祿	0.40460967519168967	0.14884758120207758	0.14884758120207758	0.14884758120207758	0.14884758120207758
F	3.775134543709032e-11	0.9999999998489946	3.775134543709032e-11	3.775134543709032e-11	3.775134543709032e-11
항	0.002175035066485455	0.11875289088732272	0.8774717726766178	0.00080015068478696	0.00080015068478696
셔	0.1035225979614393	0.7649342838441187	0.1035225979614393	0.01401026011650137	0.01401026011650137
o	0.006692780024368026	0.9932966265950784	6.103025403644719e-06	2.2451775749479356e-06	2.2451775749479356e-06
宗	0.5637343097327291	0.07629314247787525	0.07629314247787525	0.20738626283364517	0.07629314247787525
잡	0.40460967519168967	0.14884758120207758	0.14884758120207758	0.14884758120207758	0.14884758120207758
m	0.7305211134300609	0.2687436989725906	0.00024506253244951714	0.00024506253244951714	0.00024506253244951714
켐	0.08780358892901517	0.6487856442839393	0.08780358892901517	0.08780358892901517	0.08780358892901517
깡	0.40460967519168967	0.14884758120207758	0.14884758120207758	0.14884758120207758	0.14884758120207758
헬	0.14884758120207758	0.14884758120207758	0.40460967519168967	0.14884758120207758	0.14884758120207758
열	0.9890800976719227	0.002451684445001653	0.0009019243035559258	0.006664369275963693	0.0009019243035559258
浦	0.14884758120207758	0.14884758120207758	0.40460967519168967	0.14884758120207758	0.14884758120207758
땅	0.04151869244971153	0.04151869244971153	0.8339252302011539	0.04151869244971153	0.04151869244971153
조	0.9999998874648379	1.12535162055095e-07	2.6102787759195267e-23	2.1151307995644662e-19	3.5326281746558785e-24
녹	0.07629314247787525	0.5637343097327291	0.20738626283364517	0.07629314247787525	0.07629314247787525
눈	0.14884758120207758	0.40460967519168967	0.14884758120207758	0.14884758120207758	0.14884758120207758
?	0.40460967519168967	0.14884758120207758	0.14884758120207758	0.14884758120207758	0.14884758120207758
혁	0.993229403137968	0.006692327076276922	1.6588620307284628e-05	4.50925451404985e-05	1.6588620307284628e-05
향	0.09876723691737194	0.7297966543188357	0.09876723691737194	0.03633443592321024	0.03633443592321024
닥	0.04151869244971153	0.8339252302011539	0.04151869244971153	0.04151869244971153	0.04151869244971153
孟	0.40460967519168967	0.14884758120207758	0.14884758120207758	0.14884758120207758	0.14884758120207758
羅	0.40460967519168967	0.14884758120207758	0.14884758120207758	0.14884758120207758	0.14884758120207758
튜	0.08780358892901517	0.6487856442839393	0.08780358892901517	0.08780358892901517	0.08780358892901517
련	0.0024516844450016527	0.9890800976719227	0.006664369275963693	0.0009019243035559258	0.0009019243035559258
왈	0.6487856442839393	0.08780358892901517	0.08780358892901517	0.08780358892901517	0.08780358892901517
s	0.9520460582984657	0.04739958219386109	0.00031937587260103125	0.00011749181753610914	0.00011749181753610914
십	0.0008930163495526072	0.006598547904106478	0.006598547904106478	0.979311339938128	0.006598547904106478
파	0.0003353480705797778	0.999658509433822	6.142114162772953e-06	2.788515515830555e-10	1.0258375296616408e-10
鄭	0.9737555469386476	0.006561113265338089	0.006561113265338089	0.006561113265338089	0.006561113265338089
율	0.8339252302011539	0.04151869244971153	0.04151869244971153	0.04151869244971153	0.04151869244971153
義	0.40460967519168967	0.14884758120207758	0.14884758120207758	0.14884758120207758	0.14884758120207758
준	0.9999999999860087	1.3887943864769711e-11	3.442477108421812e-14	3.442477108421812e-14	3.442477108421812e-14
日	0.03633443592321024	0.09876723691737194	0.7297966543188357	0.09876723691737194	0.03633443592321024
左	0.14884758120207758	0.40460967519168967	0.14884758120207758	0.14884758120207758	0.14884758120207758
軍	0.08780358892901517	0.6487856442839393	0.08780358892901517	0.08780358892901517	0.08780358892901517
쟈	0.6487856442839393	0.08780358892901517	0.08780358892901517	0.08780358892901517	0.08780358892901517
발	0.0001233866355604606	0.9998122634875697	4.539140653800666e-05	1.6698565271187644e-05	2.259905060621244e-06
매	2.244920876956131e-06	0.006692014818439099	0.00012256852685258856	0.9931830599658023	1.1176802918145997e-07
~	3.873997628687187e-21	3.873997628687187e-21	3.873997628687187e-21	1.0	2.8625185805493937e-20
캘	0.05624894189385865	0.415626587159212	0.415626587159212	0.05624894189385865	0.05624894189385865
록	0.16430718078239712	0.4466332238061254	0.16430718078239712	0.16430718078239712	0.060445233846683405
넥	0.32220249132240225	0.32220249132240225	0.11853167245173185	0.11853167245173185	0.11853167245173185
션	0.09876723691737194	0.7297966543188357	0.09876723691737194	0.03633443592321024	0.03633443592321024
